inst/extdata/SOOT_example.ict
37,1001
GeoTASO Team
NASA GSFC
UC-12B (N528NA) Aircraft Location and Attitude Data
LMOS 2017
1,1
2017,05,22,2018,08,24
1
UTC_start,seconds, start UTC time in seconds from midnight of the starting data collecting day 
6
1,1,1,1,1,1
-9999,-9999,-9999, -9999, -9999, -9999
AltGPS, km, 1 Hz aircraft GPS altitude data
Lat, deg, 1 HZ aircraft GPS latitude data
Lon, deg, 1 Hz aircraft GPS longitude data
Roll, deg, 1 Hz aircraft roll angle
Pitch, deg, 1 Hz aircraft pitch angle
Hdg_GPS, deg, 1 Hz aircraft heading
0
17
PI_CONTACT_INFO: Scott Janz, scott.j.janz@nasa.gov
Platform: UC-12B King Air (N528NA)
LOCATION: Included in data records
ASSOCIATED_DATA: N/A
INSTRUMENT_INFO: Applanix POSAV 510 
DATA_INFO: 1 Hz data
UNCERTAINTY: < 0.1 m Horizontal, < 0.2 m Vertical, 0.005 deg for pitch and roll angles, and 0.008 deg for heading
ULOD_FLAG: -7777
ULOD_VALUE: N/A
LLOD_FLAG: -8888
LLOD_VALUE: N/A;
DM_CONTACT_INFO: Matt Kowalewski, matthew.g.kowalewski@nasa.gov
PROJECT_INFO: N/A
STIPULATIONS_ON_USE: N/A
OTHER_COMMENTS: N/A
REVISION: R0
UTC_start,AltGPS,Lat,Lon,Roll,Pitch,Hdg_GPS
[from data line 13573]
57239,8642.1542,41.579189,-87.753581,-0.47681898,1.7925880,313.94257
57240,8641.8397,41.580027,-87.754160,-0.73211700,1.7963520,313.90512
57241,8641.5005,41.580866,-87.754739,-0.80739346,1.8681754,314.04851
57242,8641.2275,41.581704,-87.755318,-0.64946784,1.7419373,314.02610
57243,8640.9175,41.582543,-87.755897,-0.69714540,1.7800687,314.02761
57244,8640.6399,41.583382,-87.756476,-1.1497259,1.8102082,314.05581
57245,8640.4544,41.584220,-87.757056,-1.3938172,1.7573052,314.00482
57246,8640.2829,41.585059,-87.757636,-1.3927786,1.8617175,313.95172
57247,8640.1789,41.585896,-87.758218,-1.3803348,1.8045157,313.80903
57248,8640.0638,41.586733,-87.758801,-1.3451567,1.8825363,313.74130
57249,8640.0006,41.587569,-87.759384,-1.5432480,1.8337530,313.74295
57250,8639.9701,41.588405,-87.759968,-1.1881110,1.9134594,313.70004
57251,8640.0285,41.589239,-87.760553,-0.93091654,1.8890774,313.69781
57252,8640.1570,41.590074,-87.761138,-0.79202747,1.8895470,313.50493
57253,8640.3369,41.590908,-87.761724,-0.91884361,1.9606523,313.61057
57254,8640.6248,41.591742,-87.762309,-0.63808975,1.9586374,313.48885
57255,8640.9369,41.592576,-87.762894,-0.55709546,1.9862065,313.67531
57256,8641.2825,41.593410,-87.763478,-0.25753899,1.9281820,313.57293
57257,8641.6710,41.594244,-87.764061,-0.61880515,1.8606685,313.84387
57258,8642.0787,41.595079,-87.764644,-0.37169700,1.9379440,313.78163
57259,8642.5179,41.595913,-87.765226,-0.24782223,1.9856420,313.86991
57260,8642.9873,41.596749,-87.765807,-0.23369581,1.9178825,313.85061
57261,8643.3694,41.597584,-87.766387,-0.34212036,1.9339024,313.85711
57262,8643.7032,41.598420,-87.766965,-0.72330738,1.8424392,313.85977
57263,8643.9051,41.599256,-87.767544,-1.1587870,1.9077755,313.97034
57264,8643.9906,41.600091,-87.768122,-1.2943544,1.7619993,313.74412
57265,8643.8227,41.600925,-87.768702,-1.6700977,1.7848459,313.62493
57266,8643.5438,41.601759,-87.769282,-2.0380077,1.6521859,313.64442
57267,8643.1776,41.602591,-87.769864,-1.8591030,1.7655490,313.50537
57268,8642.8957,41.603422,-87.770448,-1.6300843,1.7417220,313.38775
57269,8642.7020,41.604252,-87.771033,-1.4159164,1.7140030,313.41784
57270,8642.5629,41.605081,-87.771619,-1.1611544,1.8562369,313.46979
57271,8642.5500,41.605910,-87.772206,-0.75660669,1.7646956,313.38975
57272,8642.5500,41.606738,-87.772793,-0.39851255,1.8887468,313.37592
57273,8642.5698,41.607567,-87.773379,-0.19015569,1.8687440,313.39852
57274,8642.6516,41.608396,-87.773964,-0.050298901,1.7918425,313.46161
57275,8642.6839,41.609226,-87.774549,-0.091625606,1.8551562,313.49889
57276,8642.7024,41.610056,-87.775132,0.10360600,1.7771030,313.46656
57277,8642.7099,41.610887,-87.775714,-0.074239959,1.8558711,313.56546
57278,8642.8024,41.611719,-87.776295,-0.52363528,1.8382022,313.63030
57279,8642.9149,41.612552,-87.776876,-0.92806211,1.8587679,313.64640
57280,8643.0199,41.613383,-87.777457,-1.1820204,1.8430190,313.63066
57281,8643.0405,41.614215,-87.778039,-1.2631377,1.8264972,313.54795
57282,8642.9710,41.615045,-87.778621,-1.2903431,1.7941902,313.46155
57283,8642.8381,41.615876,-87.779204,-1.3813471,1.7607982,313.34305
57284,8642.6473,41.616705,-87.779788,-1.6114032,1.7371502,313.25268
57285,8642.3877,41.617534,-87.780373,-1.7291750,1.7315200,313.19496
57286,8642.0758,41.618361,-87.780959,-1.5739523,1.7304264,313.03710
57287,8641.7570,41.619188,-87.781548,-1.4168332,1.7122515,312.99801
57288,8641.4132,41.620013,-87.782137,-1.1277021,1.7262253,312.93773
57289,8641.0766,41.620839,-87.782728,-0.91737182,1.7593050,312.88872
57290,8640.7512,41.621664,-87.783319,-0.88419520,1.7685282,312.87475
57291,8640.4443,41.622489,-87.783910,-0.68149829,1.7743744,312.92310
57292,8640.1634,41.623314,-87.784502,-0.50637925,1.7917609,312.87888
57293,8639.9194,41.624139,-87.785094,-0.31354971,1.7970163,312.96184
57294,8639.7007,41.624964,-87.785685,-0.048490000,1.8082660,312.95489
57295,8639.5235,41.625791,-87.786276,0.14780666,1.8383920,313.02557
57296,8639.3820,41.626618,-87.786865,0.26352621,1.8381629,313.04448
57297,8639.2663,41.627446,-87.787454,0.14397627,1.8266739,313.18196
57298,8639.1715,41.628275,-87.788041,-0.083438042,1.8556732,313.23427
57299,8639.1166,41.629105,-87.788628,-0.34588699,1.8678270,313.32048
57300,8639.0425,41.629935,-87.789213,-0.13268653,1.8608406,313.31285
57301,8638.8840,41.630766,-87.789799,-0.39576996,1.8476227,313.34753
57302,8638.6418,41.631597,-87.790383,-0.42844218,1.8370947,313.34634
57303,8638.3811,41.632428,-87.790968,-0.41188800,1.7633820,313.32295
57304,8638.1468,41.633260,-87.791552,-0.80011050,1.8253026,313.34805
57305,8637.9967,41.634092,-87.792137,-1.0611251,1.8824043,313.32858
57306,8637.8940,41.634924,-87.792722,-1.2924547,1.9019390,313.26387
57307,8637.7872,41.635755,-87.793308,-1.4834775,1.9290091,313.23751
57308,8637.7179,41.636584,-87.793895,-1.4830414,1.9195242,313.15686
57309,8637.6488,41.637413,-87.794483,-1.4278282,1.9511123,313.06441
57310,8637.6225,41.638241,-87.795072,-1.3355985,1.9476085,313.02981
57311,8637.6256,41.639069,-87.795663,-1.2066580,1.9701565,312.95624
57312,8637.6523,41.639895,-87.796253,-1.0713320,1.9935600,312.89868
57313,8637.6709,41.640721,-87.796845,-0.98444835,1.9828766,312.84669
57314,8637.6794,41.641547,-87.797437,-0.91527265,2.0011787,312.79268
57315,8637.7228,41.642372,-87.798029,-0.82129577,2.0039684,312.78140
57316,8637.8060,41.643197,-87.798622,-0.69616042,2.0118178,312.78837
57317,8637.9189,41.644022,-87.799214,-0.53474189,2.0341617,312.77047
57318,8638.0639,41.644847,-87.799806,-0.38661532,2.0335742,312.79367
57319,8638.2318,41.645672,-87.800398,-0.14782850,2.0494620,312.84646
57320,8638.4152,41.646497,-87.800989,0.056654802,2.0428280,312.84711
57321,8638.5961,41.647324,-87.801579,0.16828100,2.0365030,312.91333
57322,8638.7599,41.648150,-87.802167,0.19482573,2.0349481,312.99476
57323,8638.9332,41.648978,-87.802754,0.16896167,2.0480450,313.07305
57324,8639.1176,41.649807,-87.803341,0.054630093,2.0295072,313.14438
57325,8639.3047,41.650636,-87.803926,-0.16090434,2.0409109,313.17587
57326,8639.4790,41.651466,-87.804510,-0.49204788,2.0227201,313.21360
57327,8639.6000,41.652296,-87.805093,-0.75844748,2.0209815,313.23964
57328,8639.6578,41.653126,-87.805677,-0.96581090,2.0225789,313.17861
57329,8639.6714,41.653956,-87.806261,-1.1768723,2.0128890,313.13194
57330,8639.6381,41.654785,-87.806845,-1.3522680,2.0002500,313.05245
57331,8639.5716,41.655613,-87.807431,-1.4903791,1.9705558,313.01459
57332,8639.4603,41.656441,-87.808017,-1.5746221,1.9853422,312.92990
57333,8639.3399,41.657267,-87.808605,-1.6518175,1.9758270,312.80998
57334,8639.2007,41.658093,-87.809195,-1.4797594,1.9569120,312.75358
57335,8639.0507,41.658917,-87.809786,-1.0967004,1.9635040,312.67751
57336,8638.9011,41.659741,-87.810377,-0.85267164,1.9704022,312.69365
57337,8638.7713,41.660565,-87.810969,-0.58943968,1.9836047,312.69378
57338,8638.7072,41.661389,-87.811561,-0.37511534,1.9875620,312.73809
57339,8638.6817,41.662213,-87.812153,-0.14848200,2.0034490,312.80891
57340,8638.6994,41.663038,-87.812745,0.048109865,2.0153619,312.86983
57341,8638.7460,41.663864,-87.813335,0.24750788,2.0291976,312.93666
57342,8638.8362,41.664691,-87.813925,0.27971230,2.0418447,312.98336
57343,8638.9452,41.665519,-87.814513,0.17563541,2.0282301,313.06529
57344,8639.0483,41.666348,-87.815100,-0.010145125,2.0032853,313.06749
57345,8639.1204,41.667178,-87.815687,-0.23013706,2.0217024,313.10576
57346,8639.1875,41.668008,-87.816273,-0.44360318,1.9700756,313.21780
57347,8639.2030,41.668839,-87.816858,-0.48563866,1.9916307,313.24942
57348,8639.1899,41.669670,-87.817444,-0.60119400,1.9604150,313.26572
57349,8639.1429,41.670501,-87.818029,-0.60696449,2.0034206,313.19964
57350,8639.0902,41.671333,-87.818614,-0.72656977,1.9330990,313.17307
57351,8638.9972,41.672165,-87.819200,-0.72454348,1.9897817,313.11325
57352,8638.9022,41.672996,-87.819785,-0.99120353,1.9163180,313.08476
57353,8638.8106,41.673828,-87.820371,-1.3028474,1.9329036,313.14630
57354,8638.7523,41.674659,-87.820958,-1.3801635,1.9325618,313.12410
57355,8638.6851,41.675490,-87.821546,-1.1691710,1.9673014,313.14357
57356,8638.7070,41.676320,-87.822135,-0.91792525,1.9791766,312.95045
57357,8638.7575,41.677150,-87.822724,-0.98108800,1.9332300,313.00772
57358,8638.8369,41.677980,-87.823313,-0.58697750,1.9049297,312.90284
57359,8638.9340,41.678810,-87.823902,-1.2362239,1.9314423,312.86873
57360,8638.8568,41.679640,-87.824493,-1.4851892,2.0339857,312.91704
57361,8638.8200,41.680469,-87.825084,-0.96944947,1.8552656,312.84859
57362,8638.7651,41.681298,-87.825675,-0.28883148,1.9455926,313.02347
57363,8638.8275,41.682128,-87.826266,0.33634075,1.9955110,312.97401
57364,8639.0147,41.682959,-87.826856,0.40173500,2.0109758,313.16491
57365,8639.2413,41.683791,-87.827443,0.18872435,2.0387268,313.20943
57366,8639.4283,41.684624,-87.828030,-0.13605500,2.0100200,313.30298
57367,8639.4925,41.685458,-87.828615,-0.15006029,1.9820958,313.24882
57368,8639.3991,41.686292,-87.829200,-1.7049497,1.8887436,313.65796
57369,8639.2486,41.687126,-87.829786,-0.92193029,1.8102901,313.25120
57370,8639.0287,41.687960,-87.830372,-0.31728773,1.8567958,313.07965
57371,8638.8761,41.688795,-87.830958,-0.12806232,1.8804466,313.28413
57372,8638.7143,41.689630,-87.831543,-0.062862689,1.9208780,313.30483
57373,8638.5557,41.690466,-87.832128,-0.11747295,1.8897124,313.39207
57374,8638.4073,41.691303,-87.832712,-0.40824398,1.8386044,313.35930
57375,8638.2334,41.692140,-87.833295,-0.43113200,1.8162230,313.37148
57376,8638.0106,41.692977,-87.833879,-0.73604061,1.8387758,313.35166
57377,8637.8016,41.693815,-87.834463,-0.95256997,1.8833098,313.43895
57378,8637.6055,41.694653,-87.835047,-0.90825551,1.9075174,313.31631
57379,8637.4943,41.695490,-87.835631,-0.98931191,1.8577801,313.30204
57380,8637.3750,41.696328,-87.836216,-0.91091466,1.8896349,313.20159
57381,8637.2484,41.697165,-87.836801,-1.1434197,1.8663121,313.25918
57382,8637.1136,41.698001,-87.837388,-1.1747411,1.8459676,313.21394
57383,8636.9753,41.698838,-87.837974,-1.1736692,1.9007998,313.16761
57384,8636.8666,41.699674,-87.838562,-1.2009380,1.9078250,313.11396
57385,8636.7222,41.700509,-87.839150,-1.3446300,1.9016404,313.10040
57386,8636.5584,41.701344,-87.839739,-1.4504325,1.8476554,312.99330
57387,8636.3949,41.702178,-87.840329,-1.5615001,1.8909812,312.98656
57388,8636.3050,41.703011,-87.840921,-1.5588243,1.8940412,312.85745
57389,8636.2464,41.703843,-87.841513,-1.5237416,1.9371240,312.84931
57390,8636.1792,41.704675,-87.842107,-1.1163083,1.9471471,312.67936
57391,8636.1829,41.705506,-87.842702,-0.77822770,1.8573125,312.58923
57392,8636.2129,41.706336,-87.843297,-0.76494918,1.9411420,312.74826
57393,8636.2919,41.707167,-87.843891,-0.62578900,1.9542210,312.74199
57394,8636.3478,41.707997,-87.844486,-0.48251284,1.9754314,312.75969
57395,8636.4975,41.708828,-87.845081,-0.26105932,1.9017897,312.73652
57396,8636.6466,41.709659,-87.845675,-0.17298101,1.9442105,312.85014
57397,8636.7748,41.710491,-87.846269,-0.098864340,1.9472829,312.84927
57398,8636.8673,41.711324,-87.846861,-0.20257341,1.9161541,312.91675
57399,8636.9605,41.712157,-87.847453,-0.32111953,1.9164928,312.94783
57400,8637.1024,41.712990,-87.848044,-0.49519802,1.9017364,312.96546
57401,8637.1856,41.713824,-87.848635,-0.58856088,1.9320360,312.98839
57402,8637.2384,41.714658,-87.849226,-0.70077500,1.8721080,312.99126
57403,8637.2698,41.715492,-87.849816,-0.72063810,1.8989738,312.98097
57404,8637.3243,41.716326,-87.850407,-0.82007966,1.8873699,312.94828
57405,8637.3838,41.717160,-87.850998,-0.93620199,1.8927127,312.91372
57406,8637.4399,41.717993,-87.851590,-1.0746903,1.8964520,312.92125
57407,8637.5217,41.718826,-87.852182,-1.1395147,1.8958569,312.87281
57408,8637.6258,41.719659,-87.852774,-1.2230281,1.8891225,312.91641
57409,8637.7198,41.720491,-87.853368,-1.1303219,1.8890050,312.89437
57410,8637.7858,41.721322,-87.853962,-1.1212485,1.8573260,312.89199
57411,8637.8361,41.722153,-87.854556,-1.0417530,1.8577680,312.82393
57412,8637.8920,41.722983,-87.855151,-1.0358162,1.8085772,312.80805
57413,8637.9399,41.723813,-87.855747,-1.0870930,1.8184704,312.78942
57414,8637.9990,41.724643,-87.856343,-0.96427652,1.8104090,312.79407
57415,8638.0618,41.725473,-87.856940,-0.88248960,1.7855229,312.76293
57416,8638.1015,41.726302,-87.857537,-0.75565762,1.7753680,312.70540
57417,8638.1464,41.727131,-87.858134,-0.67589505,1.7860874,312.67947
57418,8638.1723,41.727960,-87.858732,-0.68392695,1.7677177,312.67085
57419,8638.1551,41.728789,-87.859330,-0.71518943,1.7483497,312.76699
57420,8638.1074,41.729618,-87.859928,-0.53238400,1.7385460,312.74770
57421,8638.0239,41.730447,-87.860526,-0.42699146,1.6936616,312.81299
57422,8637.8852,41.731277,-87.861124,-0.25319781,1.6978384,312.78164
57423,8637.7250,41.732107,-87.861721,-0.13400498,1.6667447,312.86439
57424,8637.4983,41.732938,-87.862318,0.0091664271,1.6503141,312.89658
57425,8637.2312,41.733769,-87.862914,0.018874294,1.6353741,312.94815
57426,8636.9519,41.734602,-87.863510,0.014964152,1.6007289,313.02035
57427,8636.6641,41.735436,-87.864105,-0.017039008,1.5834189,313.02632
57428,8636.3510,41.736270,-87.864699,-0.18049610,1.6188328,313.11538
57429,8636.0231,41.737106,-87.865293,-0.26695300,1.6165360,313.11630
57430,8635.6811,41.737942,-87.865886,-0.26407620,1.6195293,313.15893
57431,8635.3089,41.738778,-87.866480,-0.45421836,1.6145460,313.14213
57432,8634.9045,41.739616,-87.867073,-0.57757335,1.6052641,313.16234
57433,8634.4697,41.740453,-87.867666,-0.56990631,1.6231130,313.17098
57434,8634.0034,41.741291,-87.868259,-0.66946531,1.6089810,313.10359
57435,8633.4916,41.742129,-87.868853,-0.92432222,1.6135299,313.10925
57436,8632.9691,41.742966,-87.869447,-1.0738072,1.6077564,313.03625
57437,8632.4444,41.743804,-87.870042,-1.1682783,1.6018220,312.99192
57438,8631.9137,41.744641,-87.870638,-1.2283360,1.6290840,312.99413
57439,8631.3808,41.745477,-87.871235,-1.1986642,1.6137441,312.91345
57440,8630.8276,41.746313,-87.871832,-1.1223921,1.6310984,312.92410
57441,8630.2769,41.747149,-87.872431,-0.95958471,1.6526065,312.85829
57442,8629.7605,41.747985,-87.873030,-0.90629904,1.6600001,312.80051
57443,8629.2875,41.748820,-87.873630,-0.88401431,1.7002189,312.81343
57444,8628.8603,41.749655,-87.874230,-0.94552003,1.7557188,312.74149
57445,8628.5146,41.750490,-87.874830,-0.83806304,1.7738893,312.71929
57446,8628.2327,41.751324,-87.875431,-0.78824695,1.8175989,312.70630
57447,8628.0033,41.752159,-87.876032,-0.73618700,1.8656830,312.63943
57448,8627.8110,41.752992,-87.876633,-0.85436398,1.8539686,312.64997
57449,8627.6609,41.753826,-87.877234,-0.75317493,1.9081540,312.63158
57450,8627.5607,41.754660,-87.877835,-0.61466373,1.9376415,312.54976
57451,8627.4990,41.755493,-87.878436,-0.49804424,1.9870973,312.59238
57452,8627.5255,41.756327,-87.879036,-0.39408434,2.0213701,312.60430
57453,8627.6412,41.757160,-87.879636,-0.10038258,2.0648286,312.65296
57454,8627.8680,41.757995,-87.880234,0.023073934,2.1284998,312.67749
57455,8628.1628,41.758829,-87.880832,0.14532568,2.1787930,312.78494
57456,8628.5702,41.759664,-87.881427,0.24640800,2.1881220,312.77805
57457,8629.0123,41.760500,-87.882021,0.20179993,2.2266952,312.87506
57458,8629.4931,41.761337,-87.882613,0.018206122,2.2101729,312.96704
57459,8629.9719,41.762174,-87.883204,-0.056309942,2.2140255,312.95396
57460,8630.4278,41.763012,-87.883793,-0.36250546,2.1738839,312.94132
57461,8630.8235,41.763849,-87.884382,-0.67585697,2.1538241,312.96704
57462,8631.1734,41.764687,-87.884970,-0.92451208,2.1180424,312.90488
57463,8631.4497,41.765524,-87.885558,-1.1517586,2.1079421,312.89459
57464,8631.6698,41.766360,-87.886146,-1.3310376,2.0503859,312.78300
57465,8631.8359,41.767196,-87.886735,-1.5339540,2.0612490,312.76851
57466,8631.9951,41.768031,-87.887326,-1.5594961,2.0243922,312.66450
57467,8632.1480,41.768864,-87.887917,-1.4670855,2.0240904,312.61816
57468,8632.3062,41.769697,-87.888509,-1.1519416,2.0495421,312.51944
57469,8632.4925,41.770529,-87.889102,-0.99852241,2.0295680,312.46798
57470,8632.7126,41.771360,-87.889695,-0.79264694,2.0423879,312.45329
