inst/extdata/SOOT_example.ict
37,1001
GeoTASO Team
NASA GSFC
UC-12B (N528NA) Aircraft Location and Attitude Data
LMOS 2017
1,1
2017,05,22,2018,08,24
1
UTC_start,seconds, start UTC time in seconds from midnight of the starting data collecting day 
6
1,1,1,1,1,1
-9999,-9999,-9999, -9999, -9999, -9999
AltGPS, km, 1 Hz aircraft GPS altitude data
Lat, deg, 1 HZ aircraft GPS latitude data
Lon, deg, 1 Hz aircraft GPS longitude data
Roll, deg, 1 Hz aircraft roll angle
Pitch, deg, 1 Hz aircraft pitch angle
Hdg_GPS, deg, 1 Hz aircraft heading
0
17
PI_CONTACT_INFO: Scott Janz, scott.j.janz@nasa.gov
Platform: UC-12B King Air (N528NA)
LOCATION: Included in data records
ASSOCIATED_DATA: N/A
INSTRUMENT_INFO: Applanix POSAV 510 
DATA_INFO: 1 Hz data
UNCERTAINTY: < 0.1 m Horizontal, < 0.2 m Vertical, 0.005 deg for pitch and roll angles, and 0.008 deg for heading
ULOD_FLAG: -7777
ULOD_VALUE: N/A
LLOD_FLAG: -8888
LLOD_VALUE: N/A;
DM_CONTACT_INFO: Matt Kowalewski, matthew.g.kowalewski@nasa.gov
PROJECT_INFO: N/A
STIPULATIONS_ON_USE: N/A
OTHER_COMMENTS: N/A
REVISION: R0
UTC_start,AltGPS,Lat,Lon,Roll,Pitch,Hdg_GPS
[from data line 939]
44605,6821.5414,42.792839,-88.331282,1.2006737,7.8309150,165.34451
44606,6825.7125,42.792067,-88.330554,1.8975545,7.8544546,165.57477
44607,6829.9432,42.791294,-88.329831,1.8079932,7.8905062,165.75244
44608,6834.2241,42.790520,-88.329112,1.2054500,7.8986359,165.86887
44609,6838.5214,42.789746,-88.328397,0.36770759,7.8880110,165.84954
44610,6842.7961,42.788971,-88.327683,-0.50184394,7.9040271,165.70812
44611,6847.0444,42.788196,-88.326969,-1.2443138,7.8636734,165.48346
44612,6851.2360,42.787422,-88.326253,-1.7851871,7.8202626,165.17282
44613,6855.3528,42.786648,-88.325534,-2.0138480,7.7812350,164.84739
44614,6859.3975,42.785875,-88.324812,-1.9689298,7.7537462,164.48174
44615,6863.3723,42.785102,-88.324085,-1.8210427,7.7096046,164.21470
44616,6867.2843,42.784329,-88.323355,-1.5888314,7.6815625,164.01781
44617,6871.1554,42.783557,-88.322621,-1.3284870,7.6392389,163.86109
44618,6874.9899,42.782785,-88.321884,-1.0532014,7.6169870,163.81165
44619,6878.8186,42.782013,-88.321145,-0.70783606,7.6309268,163.74892
44620,6882.6730,42.781241,-88.320404,-0.41649024,7.6226248,163.67458
44621,6886.5569,42.780469,-88.319663,-0.20256815,7.5995139,163.66289
44622,6890.4586,42.779696,-88.318920,0.037873000,7.6049460,163.71029
44623,6894.3763,42.778923,-88.318178,0.37045123,7.6250628,163.75648
44624,6898.3008,42.778149,-88.317436,0.69720754,7.6647176,163.82548
44625,6902.2508,42.777375,-88.316696,0.78516365,7.6517906,163.89427
44626,6906.2132,42.776600,-88.315957,0.63590042,7.6300119,164.01331
44627,6910.1478,42.775824,-88.315219,0.53438024,7.6555256,164.12436
44628,6914.0378,42.775048,-88.314482,0.41700259,7.6714027,164.17094
44629,6917.9402,42.774271,-88.313746,0.13829422,7.5777174,164.21675
44630,6921.8232,42.773493,-88.313011,-0.21051124,7.5491977,164.28859
44631,6925.6706,42.772715,-88.312275,-0.34982700,7.5194740,164.40250
44632,6929.4839,42.771937,-88.311539,-0.32735433,7.5609575,164.36300
44633,6933.2995,42.771159,-88.310802,-0.33787284,7.5644070,164.31012
44634,6937.1227,42.770380,-88.310064,-0.44203050,7.5319372,164.41032
44635,6940.9161,42.769601,-88.309325,-0.46231138,7.5347561,164.43191
44636,6944.7247,42.768822,-88.308586,-0.31735337,7.5560140,164.42090
44637,6948.5475,42.768043,-88.307846,-0.28399970,7.5597731,164.39968
44638,6952.3732,42.767263,-88.307106,-0.31327146,7.5732029,164.34548
44639,6956.1920,42.766483,-88.306365,-0.40793358,7.5910191,164.36508
44640,6959.9928,42.765703,-88.305624,-0.52654400,7.6029790,164.39071
44641,6963.7698,42.764923,-88.304881,-0.61035372,7.5796561,164.45693
44642,6967.5058,42.764143,-88.304137,-0.55794388,7.6112096,164.42585
44643,6971.2068,42.763363,-88.303393,-0.45301416,7.6324996,164.36403
44644,6974.8839,42.762583,-88.302647,-0.44759330,7.6103350,164.27756
44645,6978.5081,42.761803,-88.301901,-0.58567704,7.6042472,164.31575
44646,6982.1215,42.761023,-88.301154,-0.89283378,7.5927667,164.37666
44647,6985.8010,42.760243,-88.300404,-1.1085069,7.6187768,164.47997
44648,6989.5514,42.759464,-88.299653,-0.89433801,7.6529421,164.46012
44649,6993.4074,42.758685,-88.298901,-0.57323100,7.6547420,164.43952
44650,6997.3290,42.757907,-88.298147,-0.32150452,7.6649025,164.48919
44651,7001.2909,42.757128,-88.297392,-0.13610613,7.7010950,164.47031
44652,7005.3206,42.756350,-88.296638,0.042004727,7.7344945,164.56987
44653,7009.3718,42.755572,-88.295884,0.29428627,7.7341919,164.62198
44654,7013.4242,42.754794,-88.295131,0.53084842,7.7439470,164.61794
44655,7017.5000,42.754015,-88.294378,0.64213181,7.7238826,164.69288
44656,7021.5858,42.753237,-88.293628,0.87043450,7.7005260,164.78490
44657,7025.6502,42.752458,-88.292879,0.87458526,7.7470899,164.79179
44658,7029.6974,42.751679,-88.292132,0.62887500,7.7494170,164.88600
44659,7033.7361,42.750900,-88.291386,0.37152577,7.7533870,164.95302
44660,7037.7307,42.750121,-88.290641,0.23745471,7.7385129,164.98495
44661,7041.6693,42.749342,-88.289897,0.17263369,7.7120226,164.98951
44662,7045.5312,42.748563,-88.289154,0.090789618,7.6862269,164.97572
44663,7049.3444,42.747784,-88.288411,-0.032501369,7.6336532,164.96417
44664,7053.1052,42.747005,-88.287668,-0.14587093,7.6208990,164.95628
44665,7056.7974,42.746226,-88.286925,-0.23683860,7.6402729,164.96144
44666,7060.4514,42.745446,-88.286181,-0.35559202,7.6338860,164.92281
44667,7064.0936,42.744667,-88.285437,-0.51338900,7.6411520,164.90765
44668,7067.7420,42.743889,-88.284692,-0.64186534,7.6216500,164.95375
44669,7071.4027,42.743110,-88.283946,-0.66325190,7.6295886,164.92083
44670,7075.0972,42.742331,-88.283199,-0.64118662,7.6610595,164.85706
44671,7078.8376,42.741553,-88.282452,-0.59403670,7.6882981,164.78466
44672,7082.6362,42.740776,-88.281703,-0.51679438,7.6969620,164.70571
44673,7086.4829,42.739998,-88.280953,-0.45014939,7.6945626,164.63753
44674,7090.3727,42.739221,-88.280203,-0.47999544,7.7103080,164.61217
44675,7094.3215,42.738445,-88.279451,-0.48071589,7.7367162,164.57825
44676,7098.3425,42.737669,-88.278699,-0.43532700,7.7440620,164.57158
44677,7102.4408,42.736893,-88.277946,-0.35074381,7.7657097,164.56540
44678,7106.6264,42.736118,-88.277193,-0.23711890,7.7833490,164.55260
44679,7110.8746,42.735343,-88.276439,-0.14060709,7.7801782,164.58378
44680,7115.1422,42.734569,-88.275685,0.025439698,7.7985309,164.66849
44681,7119.4301,42.733795,-88.274932,0.18830356,7.8002120,164.74850
44682,7123.7477,42.733022,-88.274179,0.25639837,7.7944721,164.90279
44683,7128.0451,42.732249,-88.273427,0.33580844,7.8159638,165.03705
44684,7132.2963,42.731476,-88.272675,0.50815653,7.8386120,165.12912
44685,7136.5433,42.730703,-88.271925,0.72846900,7.8085640,165.26842
44686,7140.7958,42.729930,-88.271178,1.0926033,7.7749712,165.32593
44687,7144.9600,42.729158,-88.270432,1.2719667,7.7798609,165.36369
44688,7149.0160,42.728384,-88.269689,1.1882797,7.7328375,165.49417
44689,7153.0112,42.727611,-88.268948,0.98604195,7.6814886,165.62486
44690,7157.0134,42.726838,-88.268210,0.71028917,7.6159261,165.72466
44691,7160.9692,42.726064,-88.267473,0.37345844,7.6625300,165.89277
44692,7164.8985,42.725290,-88.266737,0.22691045,7.7199977,165.95092
44693,7168.8897,42.724516,-88.266002,0.12992909,7.6419830,165.94203
44694,7172.8749,42.723742,-88.265268,0.029770000,7.6681780,165.96621
44695,7176.8644,42.722969,-88.264534,-0.15011611,7.7018617,165.92428
44696,7180.8723,42.722195,-88.263799,-0.48920696,7.6584890,165.86510
44697,7184.8400,42.721422,-88.263064,-0.76610391,7.6541030,165.86945
44698,7188.7497,42.720649,-88.262328,-0.87027024,7.6322960,165.79521
44699,7192.6097,42.719876,-88.261590,-0.87019523,7.6122982,165.72472
44700,7196.4472,42.719104,-88.260851,-0.74617484,7.5995089,165.64220
44701,7200.3129,42.718332,-88.260110,-0.54472463,7.5998948,165.61258
44702,7204.1823,42.717560,-88.259369,-0.46220508,7.5951275,165.61360
44703,7208.0300,42.716789,-88.258627,-0.25286200,7.5777090,165.59246
44704,7211.8743,42.716018,-88.257884,-0.17438769,7.6322339,165.57582
44705,7215.7835,42.715246,-88.257141,-0.21196651,7.5452840,165.62581
44706,7219.7056,42.714475,-88.256397,-0.087329841,7.5704685,165.71444
44707,7223.6706,42.713704,-88.255654,0.063669405,7.5745729,165.75733
44708,7227.6857,42.712933,-88.254911,0.15617455,7.5488432,165.88084
44709,7231.7086,42.712161,-88.254168,0.30133187,7.5349100,166.03265
44710,7235.7452,42.711390,-88.253426,0.48113958,7.5455579,166.08552
44711,7239.8273,42.710618,-88.252685,0.65439641,7.5356142,166.12898
44712,7243.9460,42.709846,-88.251946,0.78188000,7.5484890,166.19512
44713,7248.0842,42.709073,-88.251208,0.81276873,7.5779567,166.32532
44714,7252.2183,42.708301,-88.250472,0.83317834,7.5962320,166.36377
44715,7256.3364,42.707528,-88.249738,0.69876397,7.5700032,166.40134
44716,7260.4037,42.706754,-88.249005,0.53416132,7.5279589,166.52761
44717,7264.4084,42.705981,-88.248274,0.40272536,7.5020281,166.57940
44718,7268.3551,42.705207,-88.247543,0.29605616,7.4624845,166.61480
44719,7272.2423,42.704433,-88.246814,0.21058796,7.4345627,166.61977
44720,7276.0954,42.703658,-88.246085,0.15786179,7.4158509,166.62658
44721,7279.9245,42.702884,-88.245356,0.10200900,7.4101870,166.57534
44722,7283.7348,42.702109,-88.244628,-0.052179672,7.3928831,166.54333
44723,7287.5147,42.701334,-88.243900,-0.21826417,7.4053887,166.49993
44724,7291.2739,42.700558,-88.243171,-0.42697156,7.3897705,166.45733
44725,7294.9972,42.699783,-88.242442,-0.60639850,7.3613530,166.43942
44726,7298.6734,42.699007,-88.241712,-0.74062039,7.3506771,166.33283
44727,7302.2953,42.698232,-88.240980,-0.91651585,7.3188984,166.24065
44728,7305.8601,42.697456,-88.240246,-1.0679571,7.3028988,166.17178
44729,7309.3871,42.696681,-88.239511,-1.0786356,7.3006981,166.08688
44730,7312.8841,42.695905,-88.238773,-1.0037470,7.3250500,165.95557
44731,7316.3633,42.695130,-88.238034,-0.90781471,7.3205110,165.82693
44732,7319.8113,42.694355,-88.237293,-0.80627360,7.3162372,165.74380
44733,7323.2305,42.693579,-88.236550,-0.67478678,7.3106968,165.69726
44734,7326.6132,42.692804,-88.235805,-0.45108093,7.2907240,165.67522
44735,7329.9393,42.692028,-88.235060,-0.19388997,7.2951280,165.61754
44736,7333.2212,42.691253,-88.234315,-0.029823535,7.2839072,165.58603
44737,7336.4511,42.690476,-88.233569,0.079875647,7.2666200,165.60774
44738,7339.6305,42.689700,-88.232824,0.18778572,7.2703091,165.64752
44739,7342.7674,42.688923,-88.232078,0.27188300,7.2850710,165.70528
44740,7345.8806,42.688146,-88.231334,0.35092852,7.3114298,165.77282
44741,7348.9951,42.687368,-88.230590,0.39570749,7.2963524,165.84224
44742,7352.1086,42.686590,-88.229846,0.43648833,7.2879500,165.93336
44743,7355.2346,42.685811,-88.229104,0.47374118,7.2776400,166.06316
44744,7358.3801,42.685032,-88.228362,0.51122092,7.2812019,166.17282
44745,7361.5570,42.684253,-88.227622,0.52240276,7.2910558,166.30387
44746,7364.7631,42.683473,-88.226883,0.54614228,7.2920701,166.41815
44747,7367.9813,42.682692,-88.226145,0.50644456,7.3193722,166.47109
44748,7371.2128,42.681911,-88.225408,0.29380000,7.3196770,166.59071
44749,7374.4414,42.681130,-88.224672,0.17181958,7.2851462,166.68297
44750,7377.6440,42.680349,-88.223937,0.11319989,7.3005457,166.70714
44751,7380.8327,42.679567,-88.223202,0.020816736,7.2842874,166.73067
44752,7383.9955,42.678785,-88.222467,-0.096565520,7.2441827,166.73940
44753,7387.0955,42.678002,-88.221733,-0.23418652,7.1916461,166.76058
44754,7390.1147,42.677220,-88.220998,-0.31257224,7.1780721,166.72286
44755,7393.0650,42.676437,-88.220263,-0.39853443,7.1722611,166.67539
44756,7395.9602,42.675653,-88.219528,-0.54932400,7.1635859,166.65585
44757,7398.8039,42.674870,-88.218791,-0.64648600,7.1415720,166.62512
44758,7401.6002,42.674086,-88.218053,-0.70565935,7.1165202,166.55357
44759,7404.3631,42.673302,-88.217314,-0.80546437,7.1041602,166.48528
44760,7407.1004,42.672518,-88.216574,-0.87716501,7.0948560,166.39827
44761,7409.8178,42.671733,-88.215832,-0.96309636,7.0899640,166.30601
44762,7412.5260,42.670948,-88.215088,-1.0296598,7.0866700,166.20832
44763,7415.2355,42.670164,-88.214342,-1.0599419,7.0885290,166.11144
44764,7417.9428,42.669378,-88.213594,-1.0030650,7.1007693,166.03058
44765,7420.6458,42.668593,-88.212844,-0.87015619,7.1145939,165.93893
44766,7423.3451,42.667808,-88.212093,-0.77168500,7.0973570,165.83850
44767,7426.0018,42.667023,-88.211340,-0.70583163,7.0702132,165.80173
44768,7428.6124,42.666237,-88.210586,-0.63363527,7.0482423,165.76745
44769,7431.1826,42.665451,-88.209830,-0.57974392,7.0445499,165.68835
44770,7433.7323,42.664664,-88.209073,-0.57315183,7.0261179,165.67118
44771,7436.2684,42.663878,-88.208315,-0.53948717,7.0053160,165.62981
44772,7438.7909,42.663090,-88.207556,-0.49186545,6.9913823,165.61615
44773,7441.3102,42.662303,-88.206796,-0.41792402,6.9860519,165.64270
44774,7443.8302,42.661514,-88.206034,-0.25808730,6.9870949,165.64417
44775,7446.3599,42.660725,-88.205273,-0.091825000,6.9836450,165.62831
44776,7448.8954,42.659936,-88.204511,0.013377133,6.9904710,165.66348
44777,7451.4425,42.659146,-88.203749,0.093709766,6.9940912,165.67845
44778,7453.9879,42.658355,-88.202986,0.12328458,6.9824956,165.78446
44779,7456.5255,42.657564,-88.202224,0.17441820,6.9654650,165.86985
44780,7459.0475,42.656772,-88.201463,0.25544762,6.9673780,165.95877
44781,7461.5531,42.655979,-88.200701,0.36667462,6.9494293,166.04229
44782,7464.0427,42.655185,-88.199941,0.45782282,6.9195048,166.12227
44783,7466.5339,42.654390,-88.199181,0.48956711,6.8489091,166.27737
44784,7469.0499,42.653595,-88.198422,0.48687200,6.9142420,166.51101
44785,7471.6571,42.652798,-88.197664,0.55085846,6.9887516,166.66974
44786,7474.3821,42.652001,-88.196907,0.67801180,7.0197409,166.79070
44787,7477.1989,42.651203,-88.196152,0.72483582,7.0436053,166.86550
44788,7480.0773,42.650404,-88.195398,0.57767325,7.0510329,166.98388
44789,7482.9949,42.649605,-88.194646,0.36163898,7.0193251,167.09275
44790,7485.9012,42.648805,-88.193895,0.12272770,7.0093892,167.19553
44791,7488.7886,42.648005,-88.193144,-0.079106496,6.9850645,167.24815
44792,7491.6608,42.647204,-88.192393,-0.20463385,6.9613650,167.23747
44793,7494.5282,42.646402,-88.191642,-0.32607600,6.9521980,167.20289
44794,7497.4037,42.645600,-88.190891,-0.48780057,6.9537210,167.19956
44795,7500.2958,42.644798,-88.190139,-0.66135692,6.9582831,167.18154
44796,7503.2141,42.643995,-88.189386,-0.84853850,6.9544922,167.15152
44797,7506.1654,42.643193,-88.188631,-1.0373105,6.9749090,167.07948
44798,7509.1408,42.642390,-88.187875,-1.1729425,6.9719700,166.96746
44799,7512.1252,42.641587,-88.187116,-1.2513013,6.9759001,166.85777
44800,7515.1326,42.640784,-88.186355,-1.2408976,6.9675866,166.71683
44801,7518.1765,42.639981,-88.185592,-1.2187977,6.9480161,166.57248
44802,7521.2542,42.639178,-88.184827,-1.1904560,6.9550880,166.47022
44803,7524.3800,42.638376,-88.184059,-1.1544597,6.9652319,166.41369
44804,7527.5446,42.637573,-88.183289,-0.89907285,6.9988165,166.28634
44805,7530.7618,42.636770,-88.182517,-0.61825744,7.0117951,166.25399
44806,7534.0461,42.635968,-88.181744,-0.29961466,7.0238661,166.27867
44807,7537.3864,42.635165,-88.180971,0.017782799,7.0599059,166.28486
44808,7540.7681,42.634362,-88.180198,0.31422506,7.0942936,166.34547
44809,7544.1979,42.633559,-88.179425,0.60045727,7.1175255,166.39395
44810,7547.6572,42.632756,-88.178655,0.76382307,7.1523941,166.47921
44811,7551.1313,42.631952,-88.177886,0.87488900,7.1619260,166.57035
44812,7554.6007,42.631148,-88.177119,0.80888422,7.1715869,166.64406
44813,7558.0673,42.630344,-88.176354,0.61355725,7.1672343,166.75112
44814,7561.5306,42.629539,-88.175590,0.41204048,7.1287025,166.81832
44815,7564.9691,42.628734,-88.174828,0.20947940,7.1109359,166.87055
44816,7568.3839,42.627929,-88.174066,0.090963315,7.0901710,166.95174
44817,7571.7771,42.627124,-88.173305,0.075687131,7.0877321,166.96596
44818,7575.1702,42.626318,-88.172545,-0.0047863799,7.0750759,166.93821
44819,7578.5671,42.625513,-88.171785,-0.14260477,7.0696140,166.96158
44820,7581.9622,42.624707,-88.171025,-0.24569500,7.0630690,166.92053
44821,7585.3422,42.623901,-88.170265,-0.35960708,7.0454750,166.88838
44822,7588.6949,42.623095,-88.169505,-0.44873566,7.0331305,166.85247
44823,7592.0172,42.622289,-88.168744,-0.50732465,7.0200459,166.81162
44824,7595.3179,42.621482,-88.167982,-0.66375055,7.0058530,166.74372
44825,7598.6091,42.620676,-88.167220,-0.79549449,7.0036921,166.68255
44826,7601.9003,42.619870,-88.166456,-0.89644611,6.9821312,166.62748
44827,7605.1789,42.619063,-88.165690,-0.97649100,6.9768990,166.59311
44828,7608.4667,42.618257,-88.164923,-0.99448875,6.9736090,166.52160
44829,7611.7706,42.617451,-88.164154,-0.95210300,6.9895360,166.41476
44830,7615.0891,42.616644,-88.163383,-0.81929332,7.0115390,166.32765
44831,7618.4193,42.615838,-88.162611,-0.70451165,7.0253283,166.21562
44832,7621.7560,42.615032,-88.161838,-0.61292913,7.0665703,166.12529
44833,7625.1149,42.614226,-88.161063,-0.57166800,7.0979561,166.08797
44834,7628.4964,42.613421,-88.160288,-0.54401120,7.1075790,166.05672
44835,7631.8836,42.612615,-88.159512,-0.45865039,7.1075280,166.02986
44836,7635.2660,42.611810,-88.158735,-0.34638792,7.0843921,165.98706
