inst/extdata/SOOT_example.ict
37,1001
GeoTASO Team
NASA GSFC
UC-12B (N528NA) Aircraft Location and Attitude Data
LMOS 2017
1,1
2017,05,22,2018,08,24
1
UTC_start,seconds, start UTC time in seconds from midnight of the starting data collecting day 
6
1,1,1,1,1,1
-9999,-9999,-9999, -9999, -9999, -9999
AltGPS, km, 1 Hz aircraft GPS altitude data
Lat, deg, 1 HZ aircraft GPS latitude data
Lon, deg, 1 Hz aircraft GPS longitude data
Roll, deg, 1 Hz aircraft roll angle
Pitch, deg, 1 Hz aircraft pitch angle
Hdg_GPS, deg, 1 Hz aircraft heading
0
17
PI_CONTACT_INFO: Scott Janz, scott.j.janz@nasa.gov
Platform: UC-12B King Air (N528NA)
LOCATION: Included in data records
ASSOCIATED_DATA: N/A
INSTRUMENT_INFO: Applanix POSAV 510 
DATA_INFO: 1 Hz data
UNCERTAINTY: < 0.1 m Horizontal, < 0.2 m Vertical, 0.005 deg for pitch and roll angles, and 0.008 deg for heading
ULOD_FLAG: -7777
ULOD_VALUE: N/A
LLOD_FLAG: -8888
LLOD_VALUE: N/A;
DM_CONTACT_INFO: Matt Kowalewski, matthew.g.kowalewski@nasa.gov
PROJECT_INFO: N/A
STIPULATIONS_ON_USE: N/A
OTHER_COMMENTS: N/A
REVISION: R0
UTC_start,AltGPS,Lat,Lon,Roll,Pitch,Hdg_GPS
[from data line 12169]
55835,8621.8558,41.981511,-87.872735,-1.5416838,2.1845403,312.96422
55836,8621.8759,41.982335,-87.873328,-1.4006940,2.1462370,312.96274
55837,8621.8934,41.983159,-87.873923,-0.90756937,2.1617421,312.90527
55838,8621.9442,41.983983,-87.874518,-0.64813671,2.1335125,312.87059
55839,8622.0127,41.984808,-87.875113,-0.18191616,2.1475163,312.80410
55840,8622.0596,41.985632,-87.875708,-0.048605084,2.0507368,312.83145
55841,8622.0083,41.986457,-87.876302,0.017089798,2.0194541,313.01114
55842,8621.8534,41.987284,-87.876895,-0.062268024,1.9823666,312.97811
55843,8621.6191,41.988111,-87.877488,-0.37488174,1.8831582,313.19911
55844,8621.2177,41.988940,-87.878080,-0.10399200,1.8308786,313.11012
55845,8620.6474,41.989769,-87.878672,-0.35632500,1.8254740,313.11994
55846,8619.9352,41.990599,-87.879264,-0.84326530,1.7952876,313.35146
55847,8619.0582,41.991429,-87.879856,-0.60560551,1.7279513,313.28454
55848,8618.0802,41.992260,-87.880450,-0.55995578,1.7694340,313.31854
55849,8617.0964,41.993091,-87.881043,-0.50753518,1.7535848,313.16759
55850,8616.1687,41.993923,-87.881636,-0.87741015,1.8183324,313.18223
55851,8615.2850,41.994755,-87.882230,-1.3336388,1.8411773,313.40510
55852,8614.4822,41.995587,-87.882826,-1.0245255,1.7759298,313.11898
55853,8613.7638,41.996419,-87.883422,-1.0573035,1.9115971,312.98693
55854,8613.2323,41.997250,-87.884018,-1.0627830,1.9138970,312.91027
55855,8612.7661,41.998082,-87.884615,-1.1682770,1.9794058,312.83821
55856,8612.3503,41.998913,-87.885214,-1.5533567,2.0006521,312.94539
55857,8611.9305,41.999743,-87.885813,-1.5641328,1.9957819,312.96255
55858,8611.5015,42.000572,-87.886414,-1.3949273,1.9486393,312.93792
55859,8611.0808,42.001401,-87.887016,-0.90314771,2.0481096,312.74688
55860,8610.7745,42.002229,-87.887618,-0.99575195,2.1381340,312.86228
55861,8610.6448,42.003057,-87.888221,-0.78510274,2.3090652,312.88324
55862,8610.8119,42.003885,-87.888823,-0.61031367,2.3738460,312.83336
55863,8611.2044,42.004714,-87.889425,-0.28036900,2.5073290,312.72294
55864,8611.7259,42.005541,-87.890025,-0.20167817,2.3995814,312.81690
55865,8612.1744,42.006370,-87.890624,-0.088236506,2.3858562,312.84285
55866,8612.5533,42.007199,-87.891222,-0.19240516,2.2284216,312.87926
55867,8612.7446,42.008027,-87.891818,-0.42090063,2.1774777,313.00868
55868,8612.7962,42.008857,-87.892414,-0.41200031,2.1025552,313.01119
55869,8612.7341,42.009686,-87.893009,-0.42468082,2.1411371,313.09109
55870,8612.5946,42.010516,-87.893604,-0.50445375,2.0862397,313.17454
55871,8612.4016,42.011346,-87.894198,-0.42376915,2.0636489,313.16630
55872,8612.1848,42.012176,-87.894792,-0.54197200,2.0688270,313.20918
55873,8611.9658,42.013006,-87.895386,-0.69936746,2.0754986,313.21391
55874,8611.8005,42.013837,-87.895979,-0.54896995,2.1089194,313.16834
55875,8611.7289,42.014668,-87.896573,-0.73220751,2.1406864,313.24603
55876,8611.7529,42.015499,-87.897166,-0.70437769,2.1436381,313.24292
55877,8611.8301,42.016330,-87.897759,-0.67552662,2.1694240,313.23352
55878,8611.9757,42.017161,-87.898351,-0.53791156,2.1424165,313.33268
55879,8612.1819,42.017993,-87.898944,-0.40724615,2.1936023,313.27141
55880,8612.4377,42.018824,-87.899536,-0.53484644,2.1619879,313.30115
55881,8612.6892,42.019656,-87.900127,-0.71324700,2.1951860,313.37294
55882,8612.9509,42.020487,-87.900718,-0.73492794,2.2018897,313.29127
55883,8613.2170,42.021319,-87.901309,-0.90368003,2.1789829,313.30435
55884,8613.4469,42.022150,-87.901899,-0.89345519,2.1768789,313.27392
55885,8613.6260,42.022981,-87.902490,-1.0938340,2.2306658,313.22537
55886,8613.7748,42.023811,-87.903081,-1.1672165,2.1319724,313.19492
55887,8613.8114,42.024641,-87.903672,-1.2250692,2.1227251,313.09561
55888,8613.7717,42.025470,-87.904265,-1.3657109,2.1062687,313.04880
55889,8613.6709,42.026298,-87.904857,-1.5101141,2.1008049,312.99397
55890,8613.5214,42.027125,-87.905451,-1.5730220,2.0659720,312.98221
55891,8613.3469,42.027952,-87.906046,-1.6608622,2.0482635,312.82651
55892,8613.2340,42.028778,-87.906643,-1.7413009,1.9999748,312.78614
55893,8613.1260,42.029602,-87.907241,-1.4406666,2.0517652,312.70050
55894,8613.1024,42.030426,-87.907840,-1.1351752,2.0519418,312.54210
55895,8613.2485,42.031250,-87.908440,-1.1038232,2.0752027,312.50924
55896,8613.5342,42.032073,-87.909040,-1.1987173,2.1789360,312.56664
55897,8613.9778,42.032895,-87.909641,-1.0186695,2.0816689,312.59265
55898,8614.4116,42.033718,-87.910242,-0.82220847,2.1396342,312.63191
55899,8614.9409,42.034539,-87.910843,-0.70884100,2.1142380,312.68673
55900,8615.4880,42.035361,-87.911444,-0.43082616,2.1723757,312.70476
55901,8616.0532,42.036183,-87.912044,-0.47097513,2.1132189,312.84923
55902,8616.6139,42.037005,-87.912643,-0.26463889,2.1215033,312.91174
55903,8617.1387,42.037828,-87.913242,-0.14025356,2.0908818,313.00556
55904,8617.6102,42.038651,-87.913840,0.044699014,2.0476481,313.15698
55905,8617.9950,42.039475,-87.914437,0.29159488,1.9746466,313.24802
55906,8618.2298,42.040300,-87.915033,0.28152757,1.9395436,313.35889
55907,8618.3375,42.041127,-87.915627,0.25859457,1.8811356,313.39369
55908,8618.3055,42.041954,-87.916220,-0.0026050000,1.8722770,313.46579
55909,8618.1766,42.042783,-87.916812,-0.31113063,1.7910121,313.54357
55910,8617.9081,42.043612,-87.917404,-0.52644159,1.7587155,313.58002
55911,8617.5418,42.044442,-87.917996,-0.70225814,1.7699165,313.66822
55912,8617.1305,42.045272,-87.918588,-0.61936089,1.7031591,313.64309
55913,8616.6765,42.046102,-87.919180,-0.56973835,1.7273259,313.64730
55914,8616.1714,42.046934,-87.919773,-0.42538269,1.6635337,313.61146
55915,8615.5794,42.047765,-87.920365,-0.50077703,1.6087045,313.65476
55916,8614.9072,42.048597,-87.920957,-0.35255198,1.6452426,313.71332
55917,8614.2134,42.049430,-87.921550,-0.14597800,1.5911840,313.67301
55918,8613.4675,42.050264,-87.922142,-0.30511367,1.5956540,313.84826
55919,8612.6879,42.051099,-87.922734,0.19750468,1.6867220,313.83078
55920,8611.8939,42.051935,-87.923325,-0.31946127,1.6482006,313.98666
55921,8611.1366,42.052771,-87.923916,-0.82503570,1.6726764,314.12584
55922,8610.4066,42.053608,-87.924508,-1.2279847,1.6837714,313.93275
55923,8609.6903,42.054445,-87.925100,-1.4630241,1.6223697,313.78180
55924,8608.9711,42.055282,-87.925694,-1.5171501,1.6699481,313.72942
55925,8608.2339,42.056118,-87.926288,-1.7958584,1.7243482,313.56861
55926,8607.4860,42.056954,-87.926885,-1.8026930,1.6998600,313.39707
55927,8606.7682,42.057789,-87.927483,-1.9471596,1.7361670,313.32532
55928,8606.0878,42.058622,-87.928084,-1.8673249,1.9140123,313.19664
55929,8605.6317,42.059455,-87.928687,-1.7161480,1.9642978,312.97576
55930,8605.3925,42.060287,-87.929291,-1.5436217,2.0525012,312.91752
55931,8605.3132,42.061118,-87.929896,-1.2266220,2.1365165,312.81026
55932,8605.4250,42.061948,-87.930503,-0.97716120,2.1786463,312.82207
55933,8605.7121,42.062777,-87.931110,-0.69686680,2.2523958,312.82980
55934,8606.1629,42.063607,-87.931716,-0.35683279,2.2903853,312.81360
55935,8606.7382,42.064436,-87.932322,-0.026286000,2.3149020,312.82668
55936,8607.3817,42.065266,-87.932927,-0.13367615,2.3398077,312.84835
55937,8608.0846,42.066097,-87.933531,-0.42267323,2.3477142,312.89479
55938,8608.7442,42.066927,-87.934134,-0.38572603,2.4042777,312.97257
55939,8609.3812,42.067758,-87.934736,-0.21891731,2.2760636,312.95191
55940,8609.9975,42.068588,-87.935337,-0.33835445,2.1920130,313.01828
55941,8610.5608,42.069419,-87.935938,-0.27236247,2.2470871,313.03084
55942,8611.1591,42.070251,-87.936537,-0.24000948,2.1933795,313.09982
55943,8611.7263,42.071082,-87.937136,-0.11663869,2.1878758,313.11074
55944,8612.2379,42.071915,-87.937734,-0.16714800,2.1679400,313.13651
55945,8612.6743,42.072747,-87.938330,-0.18875589,2.1804251,313.22795
55946,8613.0407,42.073581,-87.938926,-0.34021326,2.1275023,313.21739
55947,8613.2966,42.074415,-87.939522,-0.49874410,2.1014075,313.32822
55948,8613.5023,42.075249,-87.940116,-0.70195070,2.0621312,313.17802
55949,8613.6796,42.076083,-87.940711,-1.0317603,2.0879161,313.22583
55950,8613.8826,42.076917,-87.941306,-0.88675520,2.1241454,313.13762
55951,8614.1320,42.077751,-87.941901,-1.1392292,2.0536769,313.07145
55952,8614.2884,42.078585,-87.942497,-1.1752793,2.0237589,313.07947
55953,8614.3434,42.079418,-87.943093,-1.1526750,1.9802490,312.91208
55954,8614.2974,42.080251,-87.943690,-1.3334642,2.0089022,312.97691
55955,8614.2278,42.081084,-87.944289,-1.3521637,1.9452654,312.84642
55956,8614.1443,42.081916,-87.944888,-1.3454744,1.9917534,312.87182
55957,8614.0840,42.082748,-87.945488,-1.2026853,1.9974807,312.74538
55958,8613.9859,42.083579,-87.946089,-1.1374811,1.9562209,312.71612
55959,8613.7626,42.084410,-87.946691,-0.96574422,1.9781818,312.73377
55960,8613.5209,42.085241,-87.947294,-0.69821459,1.9005412,312.74855
55961,8613.2325,42.086072,-87.947896,-0.34173632,1.9445761,312.71478
55962,8612.9552,42.086903,-87.948499,-0.22221600,1.9266020,312.77064
55963,8612.6794,42.087736,-87.949101,0.0027202598,1.9375429,312.83834
55964,8612.4275,42.088569,-87.949703,0.11484170,1.9217927,312.82329
55965,8612.1943,42.089404,-87.950304,0.068035417,1.9557407,312.94190
55966,8611.9940,42.090240,-87.950904,-0.10015473,1.9390340,313.00502
55967,8611.7876,42.091076,-87.951503,-0.21478500,1.9809977,313.05463
55968,8611.6177,42.091914,-87.952101,-0.34092198,1.9345516,313.04842
55969,8611.4420,42.092752,-87.952699,-0.60907034,1.9598049,313.14742
55970,8611.2736,42.093590,-87.953298,-0.65592390,1.9501421,313.10663
55971,8611.0866,42.094428,-87.953896,-0.75557100,1.9802910,313.07008
55972,8610.8685,42.095267,-87.954494,-1.0996860,1.9603408,313.05535
55973,8610.6005,42.096105,-87.955093,-1.1865074,1.9337641,313.01086
55974,8610.2224,42.096943,-87.955694,-1.1577067,1.9778345,312.94618
55975,8609.7675,42.097781,-87.956295,-1.4089367,1.9392610,312.93249
55976,8609.2363,42.098618,-87.956897,-1.5939605,1.9338183,312.90060
55977,8608.7162,42.099454,-87.957500,-1.6806510,1.9440229,312.76797
55978,8608.2048,42.100289,-87.958106,-1.6359612,1.9740269,312.69669
55979,8607.7053,42.101124,-87.958712,-1.4921427,1.9365877,312.64635
55980,8607.2156,42.101957,-87.959320,-1.1870750,1.9835710,312.61953
55981,8606.8152,42.102791,-87.959928,-0.93177865,1.9701149,312.46812
55982,8606.4546,42.103624,-87.960538,-0.89853308,2.0068330,312.53225
55983,8606.1690,42.104457,-87.961148,-0.53054981,2.0388576,312.48213
55984,8605.9925,42.105290,-87.961757,-0.34005164,2.0815691,312.56262
55985,8605.8914,42.106123,-87.962367,-0.077375897,2.1217079,312.58765
55986,8605.8804,42.106957,-87.962975,0.099839949,2.1475554,312.66533
55987,8605.9539,42.107792,-87.963582,0.12980362,2.2189334,312.80264
55988,8606.1297,42.108628,-87.964188,0.17148810,2.1920085,312.78025
55989,8606.3777,42.109464,-87.964793,-0.17349600,2.1870760,312.93705
55990,8606.6051,42.110301,-87.965397,0.0023527107,2.2784958,312.96936
55991,8606.9134,42.111138,-87.965999,-0.25924477,2.1693885,313.02117
55992,8607.1327,42.111976,-87.966601,-0.44706274,2.0470830,313.13362
55993,8607.1023,42.112815,-87.967202,-0.47347159,1.9738318,313.17571
55994,8606.8576,42.113653,-87.967802,-0.36554566,1.8765046,313.22109
55995,8606.4141,42.114493,-87.968403,-0.29694154,1.8039330,313.21473
55996,8605.8595,42.115333,-87.969003,-0.31240187,1.8768638,313.16639
55997,8605.3270,42.116174,-87.969603,-0.47153737,1.9720873,313.27862
55998,8604.9231,42.117015,-87.970203,-0.49388200,2.0730500,313.21843
55999,8604.6975,42.117857,-87.970802,-0.75331602,2.1597940,313.25318
56000,8604.6079,42.118699,-87.971402,-0.86559041,2.2129542,313.22678
56001,8604.5629,42.119540,-87.972002,-0.79103380,2.2772601,313.19480
56002,8604.5515,42.120381,-87.972601,-0.70291290,2.2816298,313.11292
56003,8604.5953,42.121222,-87.973201,-0.79518741,2.3195656,313.09061
56004,8604.8092,42.122063,-87.973800,-0.96872586,2.3397655,313.11161
56005,8605.1777,42.122903,-87.974399,-1.3784787,2.4160967,313.10865
56006,8605.7263,42.123742,-87.974999,-1.6168594,2.4435069,313.02607
56007,8606.4428,42.124580,-87.975599,-1.9562480,2.4787250,312.99391
56008,8607.2341,42.125415,-87.976200,-2.0525825,2.5079579,312.96546
56009,8608.0283,42.126249,-87.976803,-1.6257436,2.4512126,312.78344
56010,8608.7511,42.127082,-87.977406,-1.3742640,2.4923015,312.83087
56011,8609.4656,42.127913,-87.978010,-0.65053531,2.4034058,312.73012
56012,8610.0480,42.128744,-87.978613,-0.60260804,2.3960550,312.81022
56013,8610.5035,42.129574,-87.979216,-0.32425646,2.3422230,312.97801
56014,8610.7968,42.130405,-87.979817,-0.21993982,2.3316491,313.04223
56015,8610.9768,42.131236,-87.980418,-0.0071902969,2.2176822,313.00293
56016,8610.9576,42.132068,-87.981017,-0.020117000,2.1939330,313.09083
56017,8610.7830,42.132900,-87.981616,0.15855555,2.1633889,312.98933
56018,8610.5535,42.133734,-87.982213,-0.076388756,2.1461639,313.07903
56019,8610.3311,42.134568,-87.982809,-0.56429809,2.0908113,313.25766
56020,8610.0917,42.135402,-87.983405,-0.72317804,2.2335480,313.24774
56021,8609.9291,42.136236,-87.984001,-1.1696665,2.1607197,313.26897
56022,8609.8057,42.137070,-87.984598,-1.3745116,2.2685667,313.20462
56023,8609.6281,42.137903,-87.985195,-1.3725083,2.2034171,313.13826
56024,8609.3009,42.138735,-87.985793,-1.2107419,2.2206212,313.19527
56025,8608.9372,42.139567,-87.986391,-1.4363400,2.1515260,313.25106
56026,8608.5501,42.140398,-87.986991,-1.2179332,2.1674388,313.14834
56027,8608.1583,42.141228,-87.987590,-1.3129437,2.2262170,312.91950
56028,8607.8012,42.142058,-87.988191,-1.4581391,2.1700484,312.94769
56029,8607.4663,42.142887,-87.988793,-1.2323287,2.1698500,312.96931
56030,8607.1413,42.143715,-87.989395,-1.0758273,2.1782988,312.82794
56031,8606.8678,42.144543,-87.989998,-0.88758597,2.2264109,312.84862
56032,8606.6002,42.145370,-87.990601,-0.93403309,2.2878733,312.76450
56033,8606.3245,42.146198,-87.991204,-0.77559475,2.2388875,312.78164
56034,8606.0464,42.147025,-87.991806,-0.57965000,2.2537500,312.85107
56035,8605.7940,42.147852,-87.992409,-0.37667036,2.2691896,312.79236
56036,8605.5847,42.148680,-87.993012,-0.11659497,2.2897200,312.88077
56037,8605.4928,42.149508,-87.993613,0.28602571,2.2881324,312.75312
56038,8605.4348,42.150338,-87.994213,0.34470104,2.3572172,312.79260
56039,8605.3788,42.151168,-87.994811,0.13686894,2.3272494,312.74729
56040,8605.2850,42.151999,-87.995408,-0.55754903,2.3823753,312.98992
56041,8605.1959,42.152831,-87.996005,-0.83669387,2.3334936,313.03300
56042,8605.0585,42.153662,-87.996601,-0.88433097,2.3876520,312.95302
56043,8604.9823,42.154493,-87.997197,-1.4112390,2.3202170,312.85960
56044,8604.9004,42.155323,-87.997794,-1.7147909,2.4144702,312.74253
56045,8604.9133,42.156152,-87.998392,-1.9645606,2.3529961,312.71171
56046,8604.8982,42.156980,-87.998992,-1.9552207,2.4265862,312.57596
56047,8604.9409,42.157806,-87.999593,-1.7308136,2.3925527,312.46554
56048,8604.9756,42.158631,-88.000195,-1.4780053,2.4420975,312.47052
56049,8605.0217,42.159455,-88.000799,-1.1183096,2.4138855,312.29941
56050,8605.0878,42.160279,-88.001403,-1.1292133,2.4390919,312.39819
56051,8605.1919,42.161101,-88.002007,-0.86644165,2.4684478,312.32061
56052,8605.3581,42.161924,-88.002611,-0.55713700,2.4601700,312.29167
56053,8605.5686,42.162746,-88.003215,-0.57866792,2.4780753,312.26146
56054,8605.8795,42.163569,-88.003819,-0.39065748,2.4739447,312.40757
56055,8606.2701,42.164391,-88.004422,-0.71210973,2.5394476,312.42021
56056,8606.6957,42.165214,-88.005025,-0.59710421,2.5112512,312.39056
56057,8607.0769,42.166036,-88.005627,-0.41123480,2.5292852,312.27416
56058,8607.3890,42.166859,-88.006228,-0.17112188,2.5417865,312.33348
56059,8607.6664,42.167683,-88.006829,-0.0088104973,2.5240544,312.29378
56060,8607.9149,42.168506,-88.007428,-0.21772966,2.4902470,312.34403
56061,8608.1112,42.169331,-88.008027,-0.42605400,2.4856300,312.41067
56062,8608.2858,42.170155,-88.008625,-0.52469359,2.4664745,312.40853
56063,8608.4322,42.170980,-88.009223,-0.59264936,2.4781367,312.42460
56064,8608.5492,42.171805,-88.009820,-0.94078124,2.4455064,312.47835
56065,8608.6657,42.172629,-88.010418,-1.0030002,2.4434661,312.47658
56066,8608.7982,42.173453,-88.011016,-1.0710587,2.4326982,312.46208
