inst/extdata/SOOT_example.ict
37,1001
GeoTASO Team
NASA GSFC
UC-12B (N528NA) Aircraft Location and Attitude Data
LMOS 2017
1,1
2017,05,22,2018,08,24
1
UTC_start,seconds, start UTC time in seconds from midnight of the starting data collecting day 
6
1,1,1,1,1,1
-9999,-9999,-9999, -9999, -9999, -9999
AltGPS, km, 1 Hz aircraft GPS altitude data
Lat, deg, 1 HZ aircraft GPS latitude data
Lon, deg, 1 Hz aircraft GPS longitude data
Roll, deg, 1 Hz aircraft roll angle
Pitch, deg, 1 Hz aircraft pitch angle
Hdg_GPS, deg, 1 Hz aircraft heading
0
17
PI_CONTACT_INFO: Scott Janz, scott.j.janz@nasa.gov
Platform: UC-12B King Air (N528NA)
LOCATION: Included in data records
ASSOCIATED_DATA: N/A
INSTRUMENT_INFO: Applanix POSAV 510 
DATA_INFO: 1 Hz data
UNCERTAINTY: < 0.1 m Horizontal, < 0.2 m Vertical, 0.005 deg for pitch and roll angles, and 0.008 deg for heading
ULOD_FLAG: -7777
ULOD_VALUE: N/A
LLOD_FLAG: -8888
LLOD_VALUE: N/A;
DM_CONTACT_INFO: Matt Kowalewski, matthew.g.kowalewski@nasa.gov
PROJECT_INFO: N/A
STIPULATIONS_ON_USE: N/A
OTHER_COMMENTS: N/A
REVISION: R0
UTC_start,AltGPS,Lat,Lon,Roll,Pitch,Hdg_GPS
[from data line 15199]
58865,3547.4838,42.804363,-88.893742,-0.40557623,-1.6921220,306.52416
58866,3542.2070,42.804916,-88.894462,-0.38693619,-1.6104276,306.55274
58867,3537.2169,42.805470,-88.895177,-1.0038402,-1.3909685,306.30045
58868,3532.5490,42.806021,-88.895890,-2.2136813,-1.3409565,306.36367
58869,3528.1502,42.806569,-88.896602,-2.0607840,-1.0690810,306.34392
58870,3524.1036,42.807114,-88.897311,-2.0282571,-1.2907772,306.52674
58871,3520.3463,42.807657,-88.898018,-1.3231032,-0.95664500,306.01933
58872,3516.8280,42.808198,-88.898724,-2.7230037,-0.86454224,306.04902
58873,3513.2713,42.808736,-88.899427,-0.54943765,-0.87353574,306.05707
58874,3509.7039,42.809273,-88.900128,-0.70778740,-0.63642794,305.94037
58875,3506.2796,42.809809,-88.900827,-0.21475529,-0.77657574,306.18997
58876,3503.0386,42.810345,-88.901523,-1.4630246,-0.72747189,306.00019
58877,3499.7450,42.810880,-88.902218,-2.6909283,-0.58546884,305.92592
58878,3496.5242,42.811413,-88.902913,-1.0348710,-0.70753200,305.99968
58879,3493.1262,42.811944,-88.903606,-0.59232293,-0.66186538,305.51854
58880,3489.6469,42.812475,-88.904297,-1.9770932,-0.78689882,305.98925
58881,3485.9552,42.813004,-88.904987,-2.3315788,-0.54745926,306.10127
58882,3482.3447,42.813530,-88.905676,-2.1688254,-0.80828352,305.18111
58883,3478.5902,42.814055,-88.906365,-1.3624101,-0.70477543,305.62134
58884,3474.9382,42.814578,-88.907052,0.0061422928,-0.89284815,305.04541
58885,3471.2354,42.815101,-88.907737,-1.4843242,-0.69070258,305.19504
58886,3467.6175,42.815623,-88.908421,-1.5127028,-0.78501023,305.35354
58887,3463.9942,42.816144,-88.909104,-1.5691530,-0.74877000,304.93822
58888,3460.4249,42.816663,-88.909786,-2.1026045,-0.75342530,304.96783
58889,3456.9094,42.817181,-88.910468,-1.8094038,-0.75065866,304.88387
58890,3453.4035,42.817697,-88.911150,-1.5033062,-0.76114659,304.53386
58891,3449.7978,42.818211,-88.911832,-2.0751338,-0.66049801,304.90758
58892,3446.3272,42.818723,-88.912514,-1.3145010,-0.70809212,304.83510
58893,3442.9941,42.819235,-88.913195,-0.70632139,-0.51587644,304.89217
58894,3439.8388,42.819746,-88.913874,-0.20388596,-0.48076484,304.80085
58895,3436.7303,42.820257,-88.914551,-0.38519263,-0.50379851,305.06731
58896,3433.5847,42.820769,-88.915226,-0.43928500,-0.44914900,304.92528
58897,3430.4104,42.821280,-88.915898,-1.1851397,-0.38200602,304.99410
58898,3427.2811,42.821790,-88.916570,-1.3955065,-0.54137390,305.31589
58899,3423.9831,42.822299,-88.917240,-1.1472354,-0.34520173,305.21207
58900,3420.7030,42.822808,-88.917910,-1.2038571,-0.37100359,305.04772
58901,3417.4515,42.823316,-88.918579,-1.3598662,-0.27234386,305.08014
58902,3414.4144,42.823822,-88.919247,-1.6681557,-0.40298740,304.99620
58903,3411.2923,42.824328,-88.919915,-1.2659223,-0.16977531,305.23328
58904,3408.2821,42.824832,-88.920583,-0.57403344,-0.13898680,305.17243
58905,3405.3439,42.825336,-88.921248,-1.4234070,-0.067239000,304.89121
58906,3402.6200,42.825839,-88.921913,-3.3184704,-0.19518081,304.92607
58907,3399.7554,42.826338,-88.922579,-0.65202695,0.061225923,304.20429
58908,3397.0558,42.826838,-88.923244,-0.42195659,0.17163900,304.25008
58909,3394.7349,42.827336,-88.923908,-0.71798140,0.10754066,304.80663
58910,3392.5247,42.827836,-88.924572,0.23952604,0.34817163,304.76980
58911,3390.4215,42.828336,-88.925236,-1.3146276,0.35463670,304.63465
58912,3388.4721,42.828837,-88.925903,-2.9695284,0.51451460,304.62778
58913,3386.8077,42.829337,-88.926574,-0.52645594,0.50487122,304.71204
58914,3385.1381,42.829838,-88.927247,0.31077700,0.62361400,304.95945
58915,3383.6767,42.830341,-88.927922,0.10053295,0.51575859,304.69969
58916,3382.1660,42.830847,-88.928598,-0.25511245,0.80307993,304.62616
58917,3380.9367,42.831355,-88.929275,-0.86707888,0.60838460,304.67411
58918,3379.6809,42.831864,-88.929955,-1.9553844,0.66946863,304.53668
58919,3378.3286,42.832373,-88.930638,-2.2508108,0.56460197,304.45400
58920,3377.0549,42.832881,-88.931326,-1.4318481,0.49685476,304.37754
58921,3375.8006,42.833390,-88.932016,-1.0982640,0.52658460,303.95762
58922,3374.6344,42.833899,-88.932710,-0.68720233,0.47227220,304.32917
58923,3373.4635,42.834409,-88.933406,-0.46926900,0.58966900,304.06771
58924,3372.3620,42.834920,-88.934104,-0.23848771,0.31059024,304.86004
58925,3371.0228,42.835433,-88.934804,-0.092485398,0.48931458,304.75181
58926,3369.7162,42.835948,-88.935504,-0.29356314,0.39260964,305.03241
58927,3368.3752,42.836466,-88.936206,0.35168750,0.28830562,304.86253
58928,3366.7174,42.836985,-88.936908,0.10638629,0.38305972,304.76126
58929,3364.9009,42.837507,-88.937611,-0.27966109,0.24401591,305.04705
58930,3362.9615,42.838030,-88.938315,-0.16648074,0.29955190,304.81495
58931,3361.1366,42.838554,-88.939020,-0.86226154,0.19128745,305.54784
58932,3359.3279,42.839080,-88.939725,-0.85025700,0.061300000,305.31772
58933,3357.3822,42.839606,-88.940433,-0.94599189,0.19882112,305.68169
58934,3355.3905,42.840134,-88.941141,-0.31811742,0.024148681,305.25241
58935,3353.4753,42.840663,-88.941852,-0.29481612,-0.030383500,305.68352
58936,3351.4058,42.841195,-88.942562,0.13450457,0.21493885,305.50255
58937,3349.4508,42.841728,-88.943273,1.0679356,0.048669650,305.72748
58938,3347.4710,42.842264,-88.943983,-0.52280956,0.023453913,305.49932
58939,3345.5351,42.842802,-88.944694,-1.2398001,0.20557029,305.86504
58940,3343.6285,42.843341,-88.945407,-1.4043880,0.098859812,305.75642
58941,3341.7050,42.843880,-88.946121,-0.0064420000,0.15803700,305.82760
58942,3340.0460,42.844421,-88.946835,0.50231898,0.30701862,305.86883
58943,3338.5096,42.844964,-88.947550,-1.1198796,0.44222682,305.91541
58944,3337.2217,42.845508,-88.948266,-2.7754023,0.44270368,305.74096
58945,3336.1899,42.846050,-88.948986,-0.90380387,0.54188725,305.61827
58946,3335.4334,42.846594,-88.949705,0.49906704,0.91235860,305.16815
58947,3334.9984,42.847138,-88.950425,-0.86032920,1.1396832,306.18512
58948,3334.8378,42.847684,-88.951144,-0.39823549,1.0371606,305.85996
58949,3335.0499,42.848230,-88.951862,-0.82644751,1.1853216,306.07369
58950,3335.4217,42.848776,-88.952580,-1.4891520,1.3279370,306.10393
58951,3335.9875,42.849321,-88.953298,-0.37179923,1.2882229,305.76432
58952,3336.5057,42.849867,-88.954014,0.36858556,1.1771122,305.23080
58953,3336.5764,42.850414,-88.954729,-1.1754453,1.3243509,305.87602
58954,3336.6271,42.850960,-88.955443,-1.3738576,1.2456203,306.19616
58955,3336.3600,42.851506,-88.956157,-0.82320057,1.3779351,306.15281
58956,3336.0071,42.852051,-88.956869,-0.35655567,0.87739675,305.21025
58957,3335.5028,42.852597,-88.957583,-0.63765475,0.93551424,306.21342
58958,3335.1200,42.853144,-88.958295,-0.67441289,0.91724204,305.65914
58959,3334.8858,42.853691,-88.959009,-0.71805500,1.1968570,306.31324
58960,3334.9199,42.854239,-88.959721,-0.98201570,1.3160200,305.73506
58961,3335.1557,42.854786,-88.960433,-1.0901097,1.4847525,306.32967
58962,3335.4993,42.855334,-88.961144,-0.40494384,1.4624775,305.94183
58963,3335.7709,42.855881,-88.961855,-0.72222670,1.4513897,306.59497
58964,3336.2144,42.856428,-88.962564,-1.1067427,1.3546528,306.44612
58965,3336.5470,42.856976,-88.963273,-0.90662596,1.6768708,305.74409
58966,3337.0339,42.857523,-88.963981,-1.7419907,1.4480325,306.26523
58967,3337.5449,42.858069,-88.964690,-1.7119355,1.6342537,305.94059
58968,3338.3790,42.858613,-88.965399,-2.2251050,1.5109820,306.17763
58969,3339.3948,42.859155,-88.966108,-0.57041966,1.5151012,306.01344
58970,3340.2867,42.859698,-88.966817,-0.55755933,1.4989942,305.49506
58971,3341.0744,42.860242,-88.967525,-1.3047314,1.4705399,305.62676
58972,3341.6233,42.860784,-88.968233,-2.6209321,1.3829009,305.43068
58973,3341.8359,42.861324,-88.968943,-1.8677526,1.5086233,305.45960
58974,3341.9763,42.861862,-88.969653,-0.76631428,1.2599557,305.34445
58975,3341.8850,42.862400,-88.970364,-0.31178871,1.5622095,305.72006
58976,3341.8791,42.862936,-88.971069,0.59491550,1.3999808,305.51616
58977,3341.7248,42.863471,-88.971765,0.45864600,1.0551610,306.30350
58978,3341.1476,42.864003,-88.972451,-0.77181652,1.2367405,305.97831
58979,3340.3898,42.864533,-88.973131,-2.1526971,0.76480246,306.42122
58980,3339.0215,42.865057,-88.973803,-0.82113953,0.40024394,306.00797
58981,3336.8206,42.865578,-88.974467,-0.42323102,0.080437551,306.02987
58982,3333.6499,42.866097,-88.975124,-0.53237702,-0.84656282,306.09385
58983,3329.3476,42.866613,-88.975775,-1.7360561,-1.7634851,306.71771
58984,3323.7822,42.867127,-88.976423,-1.1034032,-2.6126209,306.33564
58985,3316.7290,42.867641,-88.977069,-1.1031576,-3.2520820,306.09714
58986,3308.2163,42.868154,-88.977713,-2.0148220,-4.1586050,305.87489
58987,3298.2870,42.868666,-88.978359,-2.0693325,-5.1703101,306.07076
58988,3287.1006,42.869177,-88.979007,-2.2303246,-6.0656073,305.84762
58989,3274.6841,42.869690,-88.979660,-1.8271949,-6.5240212,305.76108
58990,3261.2430,42.870203,-88.980317,-1.7806743,-7.0058206,305.32196
58991,3246.9344,42.870718,-88.980980,-2.3514757,-7.4838389,305.68867
58992,3231.7515,42.871235,-88.981650,-1.0409557,-7.6464786,305.18731
58993,3216.1440,42.871754,-88.982327,-1.6003794,-7.7310315,305.29861
58994,3200.4049,42.872277,-88.983012,-1.1718492,-7.6075757,305.64238
58995,3184.7189,42.872804,-88.983703,-1.0410530,-7.2670910,305.17751
58996,3169.4778,42.873335,-88.984402,-1.2024094,-6.9529639,305.78517
58997,3154.7055,42.873868,-88.985107,-0.91276576,-6.6152467,305.77347
58998,3140.4561,42.874406,-88.985818,-1.6782686,-6.1144733,305.58473
58999,3127.0950,42.874945,-88.986535,-1.8712112,-6.0866128,306.16583
59000,3114.2268,42.875485,-88.987256,-0.91306012,-5.6515708,305.83350
59001,3101.9596,42.876028,-88.987982,-1.0514069,-5.3543336,305.87969
59002,3090.1420,42.876573,-88.988709,-0.48800586,-5.0007956,305.86719
59003,3078.8654,42.877120,-88.989439,-0.91373586,-4.8821686,305.96228
59004,3068.0875,42.877669,-88.990169,-0.75859600,-4.6353420,306.26113
59005,3057.7883,42.878219,-88.990900,-0.57739503,-4.3305768,305.96087
59006,3048.0283,42.878770,-88.991632,-0.47491448,-4.0919290,306.31918
59007,3038.6968,42.879322,-88.992364,-0.45419988,-3.9391255,306.52574
59008,3029.6186,42.879875,-88.993094,-0.42345821,-3.8448945,306.57560
59009,3020.7065,42.880429,-88.993824,-0.48325222,-3.7517493,306.60642
59010,3011.8835,42.880984,-88.994552,-0.73359764,-3.7872990,306.68567
59011,3003.0927,42.881538,-88.995280,-0.98837322,-3.7214937,306.69521
59012,2994.4406,42.882093,-88.996008,-1.2402114,-3.7223169,306.72552
59013,2985.8307,42.882647,-88.996735,-1.4992830,-3.6660520,306.84503
59014,2977.2597,42.883201,-88.997463,-1.5397233,-3.6442128,306.72048
59015,2968.7410,42.883753,-88.998192,-1.7961482,-3.5647677,306.62218
59016,2960.2848,42.884304,-88.998921,-1.8718273,-3.5244015,306.54840
59017,2951.8400,42.884853,-88.999649,-1.5812497,-3.5686139,306.46893
59018,2943.3227,42.885400,-89.000377,-1.1244100,-3.5823098,306.30932
59019,2934.7717,42.885946,-89.001105,-0.99324981,-3.6007560,306.30014
59020,2926.1888,42.886492,-89.001831,-0.83034402,-3.6377014,306.21087
59021,2917.5825,42.887037,-89.002556,-0.70110107,-3.6397598,306.18205
59022,2909.0295,42.887581,-89.003280,-0.64504900,-3.6554150,306.18287
59023,2900.5465,42.888124,-89.004002,-0.51860402,-3.6516922,306.23710
59024,2892.0919,42.888668,-89.004723,-0.39566976,-3.6528681,306.19756
59025,2883.6682,42.889211,-89.005443,-0.41603712,-3.6213990,306.17559
59026,2875.2947,42.889755,-89.006161,-0.47878895,-3.6080169,306.24558
59027,2867.0018,42.890298,-89.006877,-0.51406143,-3.6267828,306.25511
59028,2858.7317,42.890841,-89.007592,-0.57587307,-3.6016298,306.23558
59029,2850.4717,42.891383,-89.008305,-0.97134376,-3.7017603,306.17477
59030,2842.1027,42.891923,-89.009014,-1.1859841,-3.7516948,306.72797
59031,2833.5638,42.892461,-89.009722,-0.65332600,-3.8167280,306.80309
59032,2824.8485,42.892998,-89.010426,-0.48520459,-3.8215010,307.07484
59033,2816.0251,42.893535,-89.011127,-0.27588392,-3.9023739,307.10677
59034,2807.0279,42.894071,-89.011824,-0.36778557,-3.9482318,307.34110
59035,2797.8618,42.894606,-89.012519,-0.67891494,-4.1278992,307.40706
59036,2788.4324,42.895141,-89.013211,-0.45945412,-4.3227204,307.55870
59037,2778.6242,42.895675,-89.013900,-0.70528757,-4.5611017,307.52462
59038,2768.4185,42.896209,-89.014587,-0.89812860,-4.8384784,308.04498
59039,2757.6916,42.896743,-89.015273,-0.062532369,-5.0817534,307.85479
59040,2746.5699,42.897277,-89.015957,4.7390380,-5.4167600,308.36915
59041,2735.0386,42.897819,-89.016633,10.474414,-5.5076516,308.91429
59042,2723.1125,42.898372,-89.017296,14.546773,-5.6588265,310.21814
59043,2710.8230,42.898943,-89.017940,18.125749,-5.8586923,312.14085
59044,2698.2469,42.899535,-89.018559,19.857458,-5.9468378,314.03514
59045,2685.3913,42.900150,-89.019149,20.237004,-6.1268125,316.46918
59046,2672.3874,42.900790,-89.019709,20.549867,-6.1261335,318.78951
59047,2659.3687,42.901452,-89.020235,20.112174,-6.1230540,321.15711
59048,2646.4158,42.902138,-89.020728,18.922470,-6.0583978,323.33663
59049,2633.5883,42.902843,-89.021186,17.300103,-6.0368790,325.46643
59050,2620.8862,42.903567,-89.021613,15.573999,-5.9813931,327.27162
59051,2608.2848,42.904306,-89.022010,13.687164,-6.0078944,328.88663
59052,2595.6711,42.905058,-89.022381,11.954366,-6.0633722,330.22815
59053,2582.9393,42.905821,-89.022729,10.202783,-6.1759304,331.59777
59054,2570.0576,42.906593,-89.023056,8.8630514,-6.2086132,332.61769
59055,2557.0351,42.907375,-89.023366,7.3148870,-6.2967592,333.52675
59056,2543.8608,42.908163,-89.023660,5.9749070,-6.3244187,334.28499
59057,2530.5780,42.908959,-89.023943,4.5415246,-6.3405167,334.75582
59058,2517.1911,42.909762,-89.024216,3.1072890,-6.3458870,335.00465
59059,2503.7676,42.910570,-89.024485,1.9342307,-6.3739255,335.33622
59060,2490.3696,42.911384,-89.024751,1.8218369,-6.3122684,335.57328
59061,2477.0934,42.912203,-89.025014,1.7540886,-6.2336817,335.81284
59062,2463.8953,42.913027,-89.025274,1.4712496,-6.1340648,336.05605
59063,2450.8566,42.913855,-89.025532,1.3734976,-6.0010648,336.39144
59064,2438.0557,42.914688,-89.025788,1.1547137,-5.8731928,336.58028
59065,2425.4651,42.915525,-89.026042,0.92946560,-5.7574882,336.91949
59066,2413.0454,42.916366,-89.026294,0.66730785,-5.4980662,337.07849
59067,2401.0251,42.917212,-89.026546,0.41817400,-5.2691070,337.31438
59068,2389.4442,42.918061,-89.026798,0.33292135,-4.9645930,337.36810
59069,2378.3209,42.918913,-89.027049,0.42661996,-4.5731817,337.62846
59070,2367.7809,42.919768,-89.027300,0.30553933,-4.1684597,337.81201
59071,2358.0458,42.920625,-89.027549,0.040050036,-3.7469421,337.98515
59072,2349.1119,42.921483,-89.027798,-0.15794244,-3.1150279,338.10286
59073,2341.0308,42.922341,-89.028045,-0.25660370,-2.6000937,338.23248
59074,2333.8705,42.923199,-89.028291,-0.66369368,-2.2183315,338.40994
59075,2327.5211,42.924055,-89.028535,-0.80543784,-1.6599817,338.18931
